-2.33859810303524 36.8364466933101
-2.32719803292191 36.8355752212942
-2.31039351839667 36.8287915643376
-2.29398507108006 36.8213679994092
-2.26998729691684 36.8027841653626
-2.24646491120196 36.7811318156122
-2.23308306774089 36.7666435942987
-2.22224471417479 36.7543595813006
-2.21079568587853 36.7410684347506
-2.20381326083824 36.7327392752449
-2.20247279477111 36.7295879112142
-2.20174381191828 36.7286854212132
-2.20077587719959 36.7268316713153
-2.19937702063931 36.7271588792413
-2.19679858627916 36.7264463957387
-2.19346017718892 36.7229543853562
-2.19252480899997 36.7212721980003
-2.17822492699976 36.7060892040005
-1.7056832319999  36.2062601720002
-2.08853978422746 35.9576554973992
-2.19827929999942 35.9401380987983
-2.49597555199968 36.008935956
-2.65992451799991 36.0357297280003
-2.82549869999943 36.0540137978984
-2.80302009999948 36.0202132978991
-2.78429879999945 35.9279444979013
-2.80289439817115 35.8657259347757
-2.84203239999946 35.8119684979042
-2.94962695205082 35.7496240230397
-2.98652941419181 35.7411000318838
-3.04628729999942 35.7371974979059
-3.10383589522357 35.7451012338145
-3.15316265176665 35.7614990845868
-3.21398319999934 35.7987698979044
-3.25464548825184 35.8449538142298
-3.27471964012612 35.8855962598059
-3.28411109999936 35.9421194979009
-3.2665164942035  36.012923426257
-3.2373218999994  36.0569672978982
-3.30488277799993 36.0430425170002
-3.52647389999926 35.9905474978996
-3.8927096425419  35.9961850383265
-4.0157879999991  35.983806398798
-4.34608249999907 35.8751670979025
-4.39425710005495 35.8714377830717
-4.51387289999917 35.8895194987987
-5.08319329999899 35.7950298988003
-5.26006179999899 35.8242707988
-5.30917909999876 35.8537926987996
-5.33448829999897 35.8692068987994
-5.34376209999882 35.8703332987993
-5.32744109999897 35.8796186987993
-5.31405349999893 35.8866036987992
-5.30149389999891 35.8861381987994
-5.29105119999907 35.890072698799
-5.28533989999876 35.8929636987988
-5.2803111999988  35.8957601987989
-5.28031809999893 35.9001566987989
-5.28489389999881 35.9033293987989
-5.29879199999882 35.9002370987988
-5.31702509999895 35.8900247987992
-5.34567369999906 35.902355198799
-5.36384929999897 35.9165754987986
-5.3732463999988  35.9168262987986
-5.38803649999898 35.9170308987988
-5.38518569999901 35.9971848987975
-5.43900270763046 35.9834497925654
-5.51765588807359 35.9629300136238
-5.52567088366153 35.9605643584463
-5.54067174553455 35.9561367993582
-5.55157131468081 35.9529197517752
-5.59523269999876 35.9405934987983
-5.65044669999867 35.9370456987982
-5.91666666726481 35.9593706751319
-5.90903888719306 36.1793342976363
-5.90903870753011 36.1790451699479
-5.88955349999881 36.1670048978957
-5.82585319999894 36.102683297897
-5.77507549999884 36.0872137978975
-5.69239983790776 36.0678895353084
-5.62984070025801 36.0369220140435
-5.6127219999989  36.0156813978991
-5.57492830390754 36.0152789804435
-5.56692445849426 36.0181256709245
-5.55803925791373 36.0216089966647
-5.50527994363598 36.0423445296332
-5.47264482042734 36.0512051072336
-5.443276599999   36.0622376978982
-5.43818269999897 36.0955387978973
-5.36603699999897 36.149563897896
-5.33849529999905 36.1444695978962
-5.27356921790255 36.2884406004728
-5.25482236606979 36.3111796291328
-5.17503894326837 36.4151597083361
-5.00306366864579 36.4616268891872
-4.92607149109513 36.4999424761841
-4.73998637830518 36.4847409253117
-4.63087439878161 36.5168666352405
-4.56652133761556 36.5772509040291
-4.52714180067409 36.5898824252655
-4.47310930414427 36.6485814183422
-4.41395703931545 36.7089780882228
-4.3779215708507  36.7198731986048
-4.34600476904513 36.7143738623973
-4.25076594069874 36.710379073587
-4.14876403681764 36.7206349193147
-4.07088207797798 36.7482430723275
-3.90773322961834 36.742572395935
-3.77215927783744 36.7338231297915
-3.69156063391564 36.7285988666466
-3.52829740058179 36.7242835954294
-3.38834958112103 36.7092243655238
-3.28211822921914 36.7439208900196
-3.09691355523888 36.7487661679052
-2.91201412879235 36.7463456278772
-2.71725173951519 36.685253766832
-2.5597709108733  36.8152689472147
-2.48088175913576 36.8320270342729
