-2.04444439999963 43.7999999977942
-1.99478359999957 43.7705499977943
-1.92499999999952 43.7291666977945
-1.85833329999961 43.6611110977947
-1.80222219999965 43.5952777977949
-1.77486753261836 43.4990197881276
-1.77175569999975 43.4880695977954
-1.77175739004102 43.3886385983744
-1.77175739004102 43.3886385983744
-2.0355779422384  43.3190436139174
-2.37792769364679 43.307999871224
-2.56321492280148 43.390839631568
-2.73991416800846 43.4327220782479
-2.92377496232349 43.4366950720733
-3.19533992638618 43.3672890235976
-3.33883280430839 43.4134744163715
-3.54103739777277 43.5024759154661
-3.76674019088582 43.4710133113189
-3.90370497478286 43.4744403275636
-4.0816061658398  43.4331550681172
-4.25751992416253 43.3962847014575
-4.35631169837604 43.3996994757737
-4.45100580742076 43.3944288644855
-4.52625857708667 43.3967480861231
-4.56629514182715 43.3921677316411
-4.57841835574381 43.398084571268
-4.60013602605268 43.396658999159
-4.61436731644699 43.3963633736039
-4.62431157681024 43.3977328158157
-4.63972172635164 43.4019819757545
-4.66379109624314 43.4042400242895
-4.71344789902385 43.4141961067821
-4.83543165859067 43.4363356869973
-4.93639177443993 43.4587379827608
-5.07977907525731 43.4725128144742
-5.27851749781362 43.5249820821732
-5.4808178303028  43.548046624355
-5.67745751886043 43.5823670710381
-5.77996652171954 43.609384702366
-5.86697186041604 43.6352046293784
-6.06313071599979 43.5662986240002
-6.29732219402445 43.5682589238128
-6.53386720345949 43.5463356032593
-6.65381349413004 43.5661621773137
-6.82167951163281 43.5631424246512
-6.91501788693519 43.5711429079322
-7.01282555675454 43.5559308291579
-7.1194960949991  43.554915699354
-7.27320911391037 43.5865386947905
-7.35679497062042 43.6666141955744
-7.47899243939322 43.7121532717335
-7.54965814172365 43.7254753872825
-7.60862041286999 43.714740030757
-7.68596781105392 43.7577993026999
-7.77238706208899 43.7384403987272
-7.90626442618577 43.7675842842397
-8.06775415061277 43.6875397853632
-8.09637114146621 43.6572820569192
-8.23251205578971 43.5726907206661
-8.33277913319411 43.4799374853292
-8.29020365996628 43.4568386043603
-8.22517451910684 43.3366787120939
-8.38279750787702 43.3447630953447
-8.53053578697606 43.3172937889632
-8.85032794328505 43.3199850798136
-8.96099050482065 43.2283970941899
-9.17905411458931 43.1785250956983
-9.16520613532682 43.1307649859811
-9.25154896650141 43.0770130927958
-9.27068362104252 43.0099670163038
-9.27445986900227 42.8841840829804
-9.18687565593662 42.9258990284968
-9.14787314191995 42.8031196002488
-8.98094900430851 42.7896498896548
-9.02799341641175 42.6900289892208
-9.03772028447652 42.5199035195165
-8.85945006550061 42.6110567858038
-8.78895800751441 42.5899195187685
-8.88298619543929 42.5590166273102
-8.92330725663016 42.4782317296952
-8.84239307451323 42.3875099339753
-8.74682845799369 42.3596689941969
-8.85429250229556 42.3068933907209
-8.72125081674052 42.2844697949222
-8.77553079913139 42.2120543177963
-8.88036221649441 41.9048467750765
-9.14126919999819 41.8540477987432
-11.2585905379987 41.7185660179963
-11.6872897999978 41.6963304978068
-12.6195894999977 41.5460714978085
-13.2935444999975 41.4005527978095
-13.3416752507996 41.5019845527999
-13.5017281999974 41.7333978978067
-13.7212717999974 42.2616078978025
-13.8100710999974 42.6573782977996
-13.8475952999974 43.1640827977967
-13.7852678999974 43.6909093977949
-13.5348435999974 44.3487968977929
-13.2956262999975 44.7189435977926
-13.0535457999975 45.0227717977927
-12.6913347999976 45.3700199977926
-12.1883101999976 45.7264730977933
-11.4119059999979 46.1493697977946
-10.789952299998  46.4211403977955
-10.3198542999981 46.6323771977962
-9.81595309999809 46.814362697797
-8.85499169999823 46.6590690977964
-6.68753279999869 46.0151520977938
-6.37424217340669 45.9344889401652
-5.38774899999891 45.7705196977934
-4.45703879999907 45.3948466977927
-3.60138629406573 45.2195932549555
-3.402043913166   45.0641008682144
-3.20731569999931 44.8913382977924
-3.1722221999993  44.8666666977926
-2.94999999999944 44.6638888977925
-2.7083332999995  44.4999999977928
-2.51666669999954 44.3194443977933
-2.34166669999959 44.1083332977934
-2.04444439999963 43.7999999977942
