-11.9723808999978  30.6505730980622
-11.8126470999978  30.3433248980736
-11.8134461999977  30.3047879980752
-12.0770783999977  29.430863998109
-12.2176293999977  29.1274278981211
-12.3338216999977  28.9976227981264
-12.4456974473556  28.9013836902643
-12.5113477626163  28.8557149434319
-12.6794883693727  28.7346670645906
-12.6941173741876  28.7238912706966
-12.8381657999975  28.6331306981414
-13.1041330999976  28.5175740981462
-13.2391880999975  28.4190522981505
-13.3890198999974  28.1890237981602
-13.4441770999975  28.0776318981649
-13.6391245999974  27.8629899981741
-13.8441620999974  27.6624464981829
-13.9661083999974  27.5244839981888
-14.1312537999974  27.3875628981948
-14.3477659999973  27.2331415982018
-14.5565767999973  27.2118465982027
-14.9186842999972  27.029986098211
-15.1102668048935  26.9167403768836
-15.5931890545086  26.6315354626052
-16.0479376999969  26.3762834982409
-16.4530541999968  26.200960898249
-16.7357913999968  26.1102436982533
-16.7406531564317  26.1045943188324
-16.9860684999967  25.8239049982669
-17.0801228999968  25.719292398272
-17.153569665429  25.6548240145073
-17.3653719002493  25.5497047613125
-17.6530068185364  25.4120777935995
-17.9084863520395  25.2905144462687
-18.5596889999965  24.9939946983074
-19.5082887999964  24.5887327983274
-19.9923050999963  24.8044439983167
-20.5916852999961  25.1876717982978
-20.958169199996  25.5157321982819
-21.2930492999959  25.9141510982628
-21.5290831999959  26.2923119982449
-21.6670872999959  26.5842758982314
-21.7245877135864  26.7409879954466
-21.7795000105022  26.9107131119397
-21.8140938999958  27.0326420982107
-21.8586303999958  27.2460753982012
-21.8952804999958  27.934948798171
-21.8381456999958  28.3658407981527
-21.7904297999959  28.5613372981446
-21.7980294999959  28.66482549814
-21.7814181999959  29.181807798119
-21.7015569999958  29.5931083981025
-21.5532902999959  30.0173398980861
-21.3275330999959  30.44134629807
-20.951052999996  30.930481298052
-20.6916695731901  31.1718974624245
-18.6121720999964  30.9349799980517
-18.1885764999966  30.8704637980543
-17.7896092999967  30.8096572980563
-17.5366379495801  30.7347968104027
-16.7946371473398  30.5287790851344
-16.6346973999969  30.4839968980682
-16.6322738248362  30.4841402824925
-16.063180299997  30.517809198067
-16.0743775721988  30.5132443398207
-15.727272399997  30.5357688980665
-15.4667185999971  30.5530971980658
-15.229191799997  30.7269108980594
-14.9313862378753  30.944542967309
-14.4891894999972  31.26568469804
-13.8791104999974  31.7038941980246
-13.3659257999974  32.0683947980122
-13.0484788999975  32.2387366980066
-12.1717469720337  31.0518998682714
-12.132553641384  30.9813560965764
-11.9723808999978  30.6505730980622
