-1.6914853669996 36.1912424380002
-1.7056832319999 36.2062601720002
-1.71439973999982  36.2154800230006
-1.8905196039997 36.4017700830002
-2.00846461399983  36.5265259320003
-2.09355640199976  36.6165314210003
-2.17822492699976  36.7060892040005
-2.18954463499968  36.7180625790006
-2.11031283314301  36.7506222751509
-2.06239579757287  36.7922743106013
-1.9968659433845 36.8515334351256
-1.95669822461283  36.9154072770896
-1.89871691375699  36.960325912145
-1.81662167657165  37.1788561019235
-1.65602778710464  37.3560680935966
-1.54269300709348  37.4169796024704
-1.4674213728065 37.4748838888478
-1.34260181155109  37.5558817184702
-1.22619434411072  37.5751139101696
-1.14096389675248  37.5392094352682
-1.10019790000156  37.5684821924118
-1.01040796358715  37.582984467867
-0.977879517991653 37.5846807671003
-0.925023994146922 37.5553268205862
-0.842939267250575 37.5787903779916
-0.774157601565328 37.5952417263405
-0.733453498737468 37.6838679759962
-0.754695331440402 37.6415186939395
-0.758272872059262 37.7930287844954
-0.711543858452412 37.941092200914
-0.647754040969428 38.0028919948297
-0.509314043713005 38.2050835074569
-0.447331367087067 38.3614756187237
-0.364193724846384 38.446174402767
-0.206567871491547 38.5118708743239
-0.067780133974981 38.5444902762423
0.0073724735368045 38.6303553319032
0.0817475891701562 38.6571348882218
0.156615161242513  38.6981555187166
0.23305020365364 38.7366568663397
0.187962591733893  38.796855097977
0.145458624402728  38.832066384051
-0.054513813859202 38.8991738288514
-0.184421702378323 39.0354806674118
-0.250129243329955 39.2345509278665
-0.330094574976425 39.4613288041995
-0.206957558248099 39.6650383216884
-0.002236266068155 39.9262313234312
0.0250656015414634 39.9847695711735
0.15821218615465 40.1199813767726
0.403201628754857  40.3576951787079
0.496369500132133  40.4937858752511
0.8081882099792  40.6640793086927
0.742037170771759  40.8267038058748
0.796276998469281  40.8762521285875
0.833730047977255  40.9160469849489
0.943871457291479  41.0087929193958
1.14959901061739  41.0652138961689
1.19183064038965  41.0857133770924
1.22613011456768  41.1064220927983
1.22327499910043  41.0858953264042
1.28432756008107  41.1220917782772
1.59323132666306  41.1880175861996
1.75758848611122  41.2192577432922
1.88701635718126  41.2477600134217
2.18614339919999  41.3690218872297
2.36791902407746  41.4898667326372
2.66426407349262  41.6124066089379
2.87813138307475  41.7013284291627
3.00118737176448  41.765405516167
3.08384540347494  41.8264498057709
3.17079423814012  41.8632385003372
3.20327776797161  41.8929909188855
3.2326342622988  41.9595893269004
3.20742061839877 42.0711623208243
3.14433013936445 42.1172654237611
3.19211032296768 42.2457836299256
3.25546629271764 42.243915200669
3.29058727622343 42.2820193857099
3.30032063912612 42.3052700550251
3.31972143751792 42.3210670168182
3.28677770076656 42.3257447685888
3.2494924374684  42.3304774100462
3.19601039732288 42.335198395763
3.15541346350859 42.3782337230655
3.16805752062707 42.4255747097983
3.17473915200005 42.4350230640001
3.17460713736349 42.4354287689837
3.17401036384187 42.4354849602821
3.47850000000002 42.5441666680004
4.06052902847635 42.72295768314
5.021833333  41.8588333340003
5.11295818901222 41.7501742630037
5.38019061422411 41.4416717848019
6.1271665999988  40.603999997818
6.25826124064738 39.4806189702348
5.30566666699998 38.4255000010002
4.11549999999935 38.2066666978535
3.19390250412831 37.9825504848613
2.76666659790398 37.9698333024472
1.86966666700003 37.635000001
0.78433333300019 37.6080000009999
0.28849999999981 37.1713333978736
-0.1423333329999 36.9216666680001
-0.5151659897484 36.7630543887583
-0.8801667034164 36.6848333017409
-1.5566666669999 36.2758333340003
