-5.91666666667284  36.1830038139716
-5.91666666726481  35.9593706751319
-5.91675226011282  35.9593765851422
-5.9166738363489   35.9592654848098
-5.91663704127551  35.9558803380628
-5.91666316306415  35.9558822672277
-5.97116529999885  35.9599073979006
-6.03556803624238  35.964663675732
-6.04997279999885  35.9657274979004
-6.05804809999882  35.9663238979003
-6.08164879999872  35.9680668979003
-6.27866279999881  35.9319303979014
-6.37631329999869  35.9141979979018
-6.39709999999872  35.9104992979017
-6.50414059999874  35.8917450979023
-6.52052789999874  35.8889790979024
-6.64567429999875  35.8688661979026
-6.65903508262381  35.8655984864307
-6.81101549999871  35.8284278979037
-6.82041249999862  35.8266843979039
-6.85914769999859  35.8196685979041
-6.9855735999986   35.8100857979043
-6.99693090679104  35.8084575788299
-7.10051109999866  35.7936079979045
-7.52911769999846  35.7669290979052
-7.52802129999851  35.7690278979053
-7.48051538299316  35.8599706790346
-7.47971509999862  35.8615026979028
-7.41804439999864  35.9836566979001
-7.41122979151801  36.0000479205534
-7.39961069999852  36.0279953978991
-7.33850169999864  36.2051170978948
-7.30202899998132  36.3533579072668
-7.29108478959343  36.3992032369572
-7.28651309999863  36.4183540978901
-7.27672300297179  36.4485692983596
-7.2735175999986   36.4645168978888
-7.27351715385655  36.464518667083
-7.26097877996753  36.5142400878307
-7.26097869123886  36.5142404035125
-7.27062369999852  36.5441721978872
-7.28269248874068  36.7698522985776
-7.28278839999855  36.7698506987873
-7.29202549999856  36.7697604987873
-7.32505399999851  36.9687724987849
-7.3275680999986  36.9686294987849
-7.39731939999856  36.9645427987852
-7.39731939999856  37.1646970987827
-7.38330159999859  37.1696407987824
-7.38292649999864  37.1696341987823
-7.37478631595662  37.1700238803809
-7.37509783925151  37.1715915805059
-7.37476666641205  37.1716746111592
-7.37448756003182  37.1717672008524
-7.37439099083402  37.1717800688787
-7.37236115764689  37.1716597303811
-7.37133689851454  37.1715393199378
-7.37100344400733  37.1715250861476
-7.36863835969707  37.1716293224214
-7.3680089093311  37.1717122073067
-7.36726654240939  37.1716368702321
-7.35169649211828  37.178397076743
-7.32735295688959  37.1929003043569
-7.32742347408833  37.1882770765184
-7.16387512189255  37.2065274452172
-7.05163780784358  37.2088294222952
-6.9480945745391  37.1658990152147
-6.84259597832934  37.1216704812017
-6.71371513380673  37.08277040837
-6.59989589171551  37.0246875692294
-6.47956772772905  36.9413249860136
-6.40294475816506  36.8238249323438
-6.37621987790694  36.7747109089713
-6.41551084090742  36.7500326862475
-6.42919766282956  36.744852695554
-6.42818121890213  36.7493882244809
-6.43676857423988  36.7147493028291
-6.39694203528071  36.6529559134181
-6.35810921267296  36.6155102052161
-6.353198482572  36.6188418169504
-6.3283215274372  36.6131713935865
-6.31531964801947  36.6229316055155
-6.30088293601957  36.6180370789868
-6.27238702746623  36.5925403899887
-6.25780216083395  36.5812910005193
-6.24148156843144  36.5799729193093
-6.24119141236595  36.52833319906
-6.24968121088881  36.5141926288432
-6.21320689608843  36.4949699471604
-6.26249675674259  36.4951526952124
-6.26304602143951  36.5085341771511
-6.2771042611841  36.5294016874413
-6.28110832145819  36.5321261285996
-6.28184583829779  36.5436401347513
-6.30621279184506  36.5319211065765
-6.28766153203727  36.5175303906831
-6.25689908468862  36.4666619746377
-6.21793340148528  36.3980305708246
-6.18593217671065  36.3717818207427
-6.15589844232068  36.3186182897097
-6.14880489548445  36.3042719879437
-6.14275159838354  36.2961931923826
-6.13459345873873  36.2932647000838
-6.13528049011621  36.295288281163
-6.10750291992775  36.2889745467378
-6.0860119393758  36.2601870923796
-6.07129277386981  36.2310694280698
-6.05286248803908  36.2039568159583
-6.03493579750155  36.1813505142143
-5.99584444085243  36.1798837829941
-5.94416031945163  36.1869788943942
-5.9268008264228  36.1860231157438
