    var polygonCAN = L.polygon([
      [30.65 , -11.97],
      [30.34 , -11.81],
      [30.30 , -11.81],
      [29.43 , -12.08],
      [29.13 , -12.22],
      [29.00 , -12.33],
      [28.90 , -12.45],
      [28.86 , -12.51],
      [28.73 , -12.68],
      [28.72 , -12.69],
      [28.63 , -12.84],
      [28.52 , -13.10],
      [28.42 , -13.24],
      [28.19 , -13.39],
      [28.08 , -13.44],
      [27.86 , -13.64],
      [27.66 , -13.84],
      [27.52 , -13.97],
      [27.39 , -14.13],
      [27.23 , -14.35],
      [27.21 , -14.56],
      [27.03 , -14.92],
      [26.92 , -15.11],
      [26.63 , -15.59],
      [26.38 , -16.05],
      [26.20 , -16.45],
      [26.11 , -16.74],
      [26.10 , -16.74],
      [25.82 , -16.99],
      [25.72 , -17.08],
      [25.65 , -17.15],
      [25.55 , -17.37],
      [25.41 , -17.65],
      [25.29 , -17.91],
      [24.99 , -18.56],
      [24.59 , -19.51],
      [24.80 , -19.99],
      [25.19 , -20.59],
      [25.52 , -20.96],
      [25.91 , -21.29],
      [26.29 , -21.53],
      [26.58 , -21.67],
      [26.74 , -21.72],
      [26.91 , -21.78],
      [27.03 , -21.81],
      [27.25 , -21.86],
      [27.93 , -21.90],
      [28.37 , -21.84],
      [28.56 , -21.79],
      [28.66 , -21.80],
      [29.18 , -21.78],
      [29.59 , -21.70],
      [30.02 , -21.55],
      [30.44 , -21.33],
      [30.93 , -20.95],
      [31.17 , -20.69],
      [30.93 , -18.61],
      [30.87 , -18.19],
      [30.81 , -17.79],
      [30.73 , -17.54],
      [30.53 , -16.79],
      [30.48 , -16.63],
      [30.48 , -16.63],
      [30.52 , -16.06],
      [30.51 , -16.07],
      [30.54 , -15.73],
      [30.55 , -15.47],
      [30.73 , -15.23],
      [30.94 , -14.93],
      [31.27 , -14.49],
      [31.70 , -13.88],
      [32.07 , -13.37],
      [32.24 , -13.05],
      [31.05 , -12.17],
      [30.98 , -12.13],
      [30.65 , -11.97],
    ]).addTo(map);
